748
472
830
260
463
104
527
783
127
 47
184
106
485
277
893
640
338
846
248
450
925
979
369
260
791
388
470
979
178
725
879
927
549
709
187
365
166
 66
148
293
466
684
399
951
962
292
592
652
139
192
455
416
523
824
677
667
212
499
646
743
576
877
 22
478
586
209
843
104
628
343
397
446
 27
149
397
341
793
341
994
932
886
801
701
409
625
730
 76
190
229
 74
285
806
951
307
284
890
868
479
994
848
822
744
294
849
893
 44
191
686
385
537
971
623
338
 24
 33
315
754
461
857
983
536
142
141
839
449
777
729
318
256
724
166
 78
820
461
280
713
505
471
751
242
360
 74
218
698
 98
251
365
852
 64
223
188
952
365
329
792
815
459
521
485
715
597
  3
146
417
816
426
482
673
249
586
916
609
660
486
659
759
737
 24
963
153
247
151
106
613
833
250
780
292
123
265
359
721
620
505
490
437
931
325
110
180
911
378
141
923
864
800
682
953
825
998
107
 72
501
565
 37
334
815
817
978
938
434
338
 11
 55
843
854
492
127
179
954
307
442
333
449
365
197
601
400
503
426
398
610
499
899
175
888
586
342
706
564
632
140
254
644
547
450
498
391
577
677
346
236
119
679
 37
484
228
639
236
731
 65
634
693
916
534
220
805
472
562
863
388
195
355
643
191
903
 93
689
646
 22
718
992
258
189
 23
296
 25
604
287
262
687
704
896
381
973
782
601
778
606
516
993
995
 63
348
638
606
603
 83
295
250
105
365
594
715
554
618
363
931
222
650
193
909
355
442
642
680
576
596
810
183
464
803
178
879
503
168
485
107
251
780
357
708
497
951
423
403
921
787
334
495
789
880
757
496
322
399
176
250
995
986
433
811
789
611
690
293
131
175
752
734
307
461
442
804
764
218
207
686
357
894
181
146
774
938
995
448
690
523
698
 37
510
132
849
651
 95
539
296
227
 67
 48
961
374
861
756
179
626
974
738
312
331
632
845
829
758
136
176
206
826
700
905
863
562
 37
712
213
484
604
862
711
671
262
 25
 45
124
781
576
750
107
667
414
790
299
611
971
 58
747
148
264
925
848
521
789
410
558
853
975
 43
457
837
106
480
100
131
878
576
264
454
678
371
121
444
161
773
 55
133
183
155
633
799
 80
833
321
869
243
231
 75
570
626
884
760
733
365
212
216
243
788
833
 49
466
556
171
910
718
296
317
203
831
472
188
630
553
 21
303
774
616
887
849
186
513
734
946
598
451
158
815
694
298
  0
743
764
556
266
 26
626
914
696
181
745
168
369
728
 73
390
 31
848
358
918
 49
545
784
135
843
382
586
354
549
632
652
549
728
769
106
994
147
732
261
843
914
  6
364
635
734
437
378
118
637
736
388
 39
633
172
526
829
907
113
183
456
 97
187
  6
825
308
464
172
456
196
433
651
462
791
 15
450
878
805
828
348
794
564
736
833
198
261
712
 27
168
825
562
624
274
749
982
452
 58
446
624
866
995
409
869
809
200
237
259
430
 42
 87
778
188
652
515
374
202
128
 86
581
296
263
143
272
537
244
255
989
654
 53
965
520
400
374
390
210
927
627
469
357
 21
909
488
561
913
  3
935
115
131
373
 48
779
636
191
 51
526
435
658
867
 90
 64
833
962
464
559
704
674
838
683
496
548
 56
757
 36
618
670
391
905
785
874
279
185
653
267
376
 56
145
163
 67
 13
605
131
198
568
947
109
624
974
300
308
470
848
364
227
236
334
249
627
240
386
853
871
571
858
490
947
266
636
462
333
  1
 68
816
199
988
764
660
612
 90
960
920
560
808
637
139
396
971
388
375
211
774
228
434
697
 86
925
644
353
561
458
 38
914
526
207
113
514
323
773
479
413
 86
751
325
246
388
816
643
712
556
 18
923
682
247
710
379
685
635
 23
 38
548
481
429
462
360
636
927
226
959
 52
705
724
138
809
 49
385
197
865
 28
909
421
398
185
103
645
895
482
331
882
857
721
782
690
502
244
402
138
523
629
449
575
686
173
714
495
222
451
 45
439
831
954
860
229
491
315
227
386
149
910
620
  6
983
402
 49
486
998
451
976
521
432
426
 97
119
951
163
966
174
614
 11
965
797
966
826
378
809
493
605
548
643
867
168
  1
851
923
 50
337
921
854
665
443
638
 91
892
109
 43
 55
 76
569
 21
 87
886
170
405
 64
548
215
558
154
115
201
373
283
554
224
206
957
913
480
811
579
923
449
 22
815
559
417
222
987
338
595
426
225
765
832
289
313
399
847
819
514
400
193
149
955
769
708
912
683
188
 75
614
111
876
636
278
787
406
852
774
744
447
201
321
212
385
611
877
136
810
697
  2
563
242
151
870
 11
859
782
694
399
209
660
510
 85
297
140
225
 55
344
999
799
791
552
121
355
289
 84
585
425
894
634
427
457
876
931
327
887
142
461
934
542
 22
594
404
460
243
897
685
298
241
 36
450
385
589
571
 92
878
  7
677
656
901
311
435
711
539
718
390
427
861
204
713
755
578
307
159
 38
903
408
723
201
650
760
651
387
701
574
479
931
933
509
587
187
172
375
898
712
 93
640
491
954
196
204
 61
775
863
221
813
766
629
889
320
631
  1
323
370
702
898
850
633
183
711
573
370
883
948
268
595
 41
261
 86
348
457
642
409
584
506
982
398
272
964
639
592
947
640
916
318
342
166
520
327
349
231
252
720
114
200
340
 62
594
953
500
942
763
143
703
347
649
686
 97
273
  2
736
866
949
728
134
267
422
300
139
750
  1
370
  2
 73
837
555
766
251
149
719
751
443
482
246
498
182
895
536
631
169
538
720
387
840
448
521
459
871
173
599
973
526
321
975
600
158
882
366
761
383
437
513
178
272
111
677
454
359
213
437
880
104
157
267
296
606
140
755
829
665
354
802
191
676
129
143
186
364
861
948
747
299
813
926
571
924
603
377
283
168
814
163
624
324
782
920
930
922
676
111
939
382
265
131
410
394
626
597
758
488
897
858
787
710
784
710
986
739
439
622
259
253
785
884
577
920
156
859
194
184
322
134
567
587
617
329
982
243
278
 92
731
175
950
870
237
 86
580
224
177
 19
846
437
625
983
673
554
903
829
766
 98
366
 88
584
933
676
201
614
 10
444
893
454
528
 68
405
398
306
843
331
882
 21
702
728
458
679
 63
483
234
967
312
352
417
678
440
  1
963
116
554
578
478
350
823
933
878
891
690
629
549
533
960
431
906
 14
511
716
694
575
199
280
542
864
632
311
894
 72
312
210
541
218
140
371
568
963
304
799
854
346
428
404
232
740
187
138
754
699
855
800
274
406
432
816
270
 64
479
517
489
143
727
382
361
867
105
929
830
410
 80
 36
108
508
792
340
248
980
479
355
679
686
507
953
444
940
121
715
356
600
584
845
743
311
579
456
178
685
737
360
447
818
396
555
326
189
248
927
169
 79
634
200
765
141
153
561
433
626
628
790
578
212
987
673
523
919
129
701
956
866
413
403
684
810
310
 11
999
558
290
168
637
924
368
754
417
873
316
851
851
944
993
429
157
332
102
680
251
231
734
207
449
147
962
134
309
273
497
308
183
787
828
821
 63
548
575
480
773
243
683
624
188
 28
405
697
713
507
377
316
 90
463
876
540
963
838
674
272
463
523
933
647
310
761
820
725
662
747
557
435
991
593
412
531
621
817
228
686
325
957
  3
767
421
879
307
736
 69
333
  8
533
856
941
532
518
 55
352
243
717
 99
801
504
442
746
916
973
367
 86
201
406
411
159
409
178
932
288
838
668
357
171
 28
242
380
322
774
898
377
478
142
446
930
295
302
372
 41
571
346
760
657
899
166
420
 58
927
950
990
567
788
 10
925
312
 39
519
692
361
646
590
 90
124
 84
888
 54
379
542
427
772
113
125
885
770
 24
 51
542
435
979
493
425
898
281
788
823
945
827
695
637
540
341
580
982
817
664
870
872
396
412
651
520
878
128
405
  0
152
457
543
587
788
 36
365
686
669
153
862
615
332
909
252
224
250
184
206
419
849
428
643
597
192
294
117
 70
774
523
 71
927
332
966
866
472
  2
583
158
671
 88
372
638
420
633
243
644
883
427
202
655
628
630
298
225
823
945
343
245
719
218
668
646
550
634
865
 22
636
448
532
660
889
257
650
309
890
893
306
126
321
508
781
949
491
 79
527
314
 24
222
559
744
440
228
742
990
214
959
364
203
760
248
215
649
505
865
310
748
759
616
874
432
477
  7
733
968
438
612
634
463
834
193
559
274
773
653
616
988
613
332
543
725
581
758
374
438
623
684
186
734
653
412
518
130
419
252
 98
858
864
 84
673
699
277
584
325
403
237
294
743
202
626
286
927
207
 44
653
998
 19
338
536
754
343
949
624
473
720
876
923
578
 93
  7
603
144
636
187
821
391
777
115
134
331
742
772
259
301
168
264
299
540
954
836
646
297
137
270
122
857
499
 45
788
592
404
391
 88
 41
931
909
784
708
 25
919
 39
119
 43
650
420
564
915
 72
104
221
260
750
519
397
 20
641
606
871
 39
394
463
443
138
903
836
 69
165
621
777
542
892
168
661
287
819
433
851
 86
505
955
307
765
 57
178
514
430
820
121
301
211
515
117
654
653
372
843
 74
537
816
851
 79
708
 20
740
347
191
174
199
277
 31
506
936
797
916
115
663
346
287
784
999
498
652
468
504
657
841
699
732
378
515
583
458
575
955
550
923
146
724
474
775
756
332
 64
905
248
179
568
946
466
705
946
316
357
766
172
 14
607
872
746
986
387
682
444
315
637
346
238
136
 71
 64
263
179
396
327
436
645
506
  4
943
324
709
241
992
418
  8
165
433
615
 37
179
601
776
861
397
 91
851
744
681
339
167
745
602
698
494
930
134
491
788
490
434
465
552
676
809
970
 36
974
403
651
363
935
605
492
148
354
935
351
 98
969
690
617
 66
293
315
560
575
449
 51
715
292
838
532
844
866
342
814
902
668
570
553
384
857
510
228
357
865
515
709
315
484
751
933
903
396
248
463
323
 50
867
 39
342
 57
923
538
923
617
352
825
286
274
730
 22
483
593
602
841
458
117
902
773
602
653
 58
857
402
659
320
725
 61
539
116
403
948
 40
293
871
657
997
 48
295
272
131
669
107
724
271
948
182
389
202
307
343
208
366
200
610
377
872
687
438
764
804
193
712
196
486
936
205
483
984
853
107
115
522
215
839
146
515
373
887
718
681
582
278
399
134
240
776
  6
927
214
122
731
407
187
279
893
123
485
728
107
338
836
575
212
 51
414
358
566
788
245
636
821
179
914
220
313
154
348
672
434
562
794
165
321
333
797
214
456
282
294
916
972
130
491
184
181
257
543
100
397
140
736
218
320
  3
790
985
509
138
657
943
 52
804
461
373
137
258
939
594
892
234
510
864
364
353
 48
898
610
943
998
  8
436
 86
226
108
441
369
 93
303
859
103
246
912
907
 59
285
 44
669
577
990
561
163
852
425
527
557
826
777
168
121
127
176
557
566
754
665
  7
475
111
662
335
214
909
247
121
320
884
517
990
813
860
903
976
 64
681
856
622
507
633
790
628
113
318
538
679
424
203
 38
900
314
701
587
880
962
186
353
282
 70
871
624
236
 83
528
212
147
561
 68
121
 68
 54
263
 48
167
933
586
198
358
142
236
610
808
289
197
689
251
383
 42
886
805
265
862
 41
348
742
606
848
303
674
321
723
 80
585
772
247
518
358
445
228
852
 34
838
661
323
387
350
927
122
392
165
928
 10
 27
321
358
770
927
558
425
954
880
149
 34
465
921
634
335
631
 79
564
484
465
754
145
789
142
847
 68
264
591
233
544
601
260
218
312
382
145
870
808
451
102
957
486
919
230
120
255
861
551
171
697
369
925
194
510
419
 41
578
684
633
811
580
586
423
798
898
158
296
121
318
747
223
275
233
495
857
705
750
718
609
921
768
978
198
962
488
618
356
418
654
341
229
234
927
  4
385
826
514
681
299
832
428
522
459
 14
 17
316
 71
119
 35
680
392
155
 10
943
117
850
561
473
268
215
814
849
801
 94
206
186
272
720
219
571
553
648
445
 12
 14
815
329
 85
286
716
118
679
871
480
622
340
331
535
166
599
102
332
801
255
426
  7
442
698
727
 13
621
632
661
 67
997
 27
882
326
465
520
394
583
551
617
415
173
957
746
 60
123
698
162
456
499
770
234
506
212
933
585
225
554
218
239
973
215
618
207
893
 83
728
287
 18
279
256
434
805
213
180
217
689
878
380
497
729
502
731
235
714
 16
821
291
923
391
882
896
958
501
456
851
936
184
490
955
463
746
389
620
311
569
838
352
800
570
849
529
 72
933
117
138
301
290
781
224
681
664
473
639
517
929
842
453
113
332
408
928
430
149
901
741
 71
739
446
871
661
647
752
733
580
221
871
234
511
  4
458
544
668
283
535
185
212
729
991
677
 61
751
958
843
901
211
937
972
950
383
843
963
 30
947
696
963
169
919
197
 32
923
  7
929
944
291
816
481
855
546
472
885
959
224
195
803
125
406
740
 97
708
475
292
671
505
591
719
820
112
990
 17
145
265
377
426
209
 20
242
691
227
788
515
464
748
 91
659
903
568
417
995
 17
477
470
309
500
327
253
219
500
365
561
517
862
827
246
288
 36
266
531
 79
494
671
947
310
419
 38
322
674
607
739
669
624
569
491
286
 69
171
891
641
671
256
202
540
119
381
787
407
770
405
290
849
251
962
148
562
733
187
884
408
146
975
429
122
544
921
408
966
444
299
607
115
908
161
  7
379
895
794
786
665
552
429
866
803
391
 15
717
476
554
601
884
700
929
666
822
473
587
583
791
383
234
750
850
142
912
857
521
159
  4
660
824
556
 89
690
359
832
 57
429
308
611
 30
545
311
311
211
486
137
150
 69
928
533
303
679
383
798
943
592
671
102
596
331
926
152
772
968
864
956
 26
293
265
637
675
162
301
987
373
787
476
875
208
404
760
863
435
143
661
378
735
333
832
332
 16
758
836
789
 79
700
745
457
345
362
 94
373
876
747
712
249
886
188
476
 94
592
236
958
 28
731
971
758
467
304
591
151
673
701
339
462
780
392
559
237
737
274
684
462
150
783
174
752
670
362
228
764
307
465
 74
687
548
 46
445
 15
702
388
518
375
 90
210
189
222
602
101
460
691
375
496
154
525
279
680
277
301
 43
858
 66
350
675
492
389
223
890
834
591
945
223
461
672
665
671
862
887
625
963
699
317
338
547
823
215
827
503
845
128
898
 55
546
600
730
391
989
953
281
176
896
226
751
358
899
416
381
113
655
  7
 76
355
676
766
902
851
333
 81
706
178
210
605
233
108
557
315
499
547
621
133
 75
517
359
826
227
610
594
609
723
249
968
151
604
996
269
859
847
955
940
553
485
502
510
 71
611
 68
386
462
967
  7
595
394
877
307
572
456
269
166
417
993
415
385
496
372
733
118
231
580
 73
523
486
558
 26
348
629
989
768
368
803
 87
727
751
481
604
 58
 53
413
679
571
830
672
987
568
521
711
301
639
294
234
712
817
 72
622
195
420
252
184
541
972
988
628
699
 91
462
304
149
867
 69
828
439
899
853
778
467
726
489
121
717
135
355
781
952
779
403
148
551
  7
684
 92
979
 24
 73
679
115
535
335
264
402
404
445
193
303
650
971
123
728
812
244
445
947
951
226
252
730
629
752
281
989
436
726
968
461
799
999
576
686
334
193
440
738
990
634
394
992
957
869
720
770
465
165
 69
768
743
321
498
724
425
131
713
862
209
 34
323
  8
 33
251
694
368
444
135
458
786
121
204
778
 78
425
850
200
890
367
622
658
110
295
508
835
721
992
900
583
201
934
258
210
320
509
256
 40
306
743
850
 92
864
 55
223
295
480
 73
495
723
441
117
381
551
413
890
738
134
234
991
 69
435
925
327
645
245
188
902
637
494
645
488
587
862
543
810
157
375
235
652
 98
676
122
832
580
887
 74
318
373
308
309
794
743
587
121
741
184
309
995
822
156
992
310
 95
854
205
257
 11
932
492
 16
383
169
490
215
101
729
641
771
102
301
 81
896
 44
 20
369
137
556
 30
132
378
186
125
 40
281
979
245
890
343
530
383
359
913
904
201
480
  5
930
473
776
 32
774
209
280
170
581
  1
308
138
 31
440
516
570
917
909
203
249
506
 94
592
 36
829
303
301
733
504
781
 90
434
254
866
818
380
428
450
551
  9
451
211
147
482
  3
 16
404
921
925
608
170
431
702
762
468
531
 65
121
616
921
903
706
707
509
924
525
890
352
327
793
362
778
  4
861
612
  7
877
 17
928
802
625
450
586
679
564
406
562
981
527
178
902
430
236
609
292
160
486
534
513
813
327
875
943
331
736
556
690
966
925
971
768
902
421
706
933
986
112
495
967
640
 25
222
422
261
831
714
421
670
248
934
835
575
161
779
258
250
687
949
216
612
272
336
866
693
 43
799
 31
155
294
351
147
319
573
570
580
756
284
353
778
885
288
614
460
801
393
 71
 51
 80
372
619
 44
644
956
910
337
351
 61
721
858
355
 72
  6
 26
997
928
958
105
212
311
884
 97
951
498
910
753
243
981
804
323
353
776
719
997
 84
981
686
435
 42
759
645
749
183
  3
775
180
931
733
638
144
396
522
593
348
 20
503
101
615
836
257
938
541
 33
  9
538
117
990
577
904
384
688
550
133
872
553
908
404
485
993
 42
981
741
916
574
 89
288
430
542
903
266
800
841
808
185
202
698
655
544
627
559
928
316
461
 61
540
 15
321
944
852
666
339
185
408
255
759
849
544
541
392
447
160
544
641
968
729
843
 18
736
388
998
296
668
666
757
730
206
124
403
502
328
 70
841
513
478
 97
625
327
641
166
 71
 88
326
615
729
646
697
925
 17
433
313
 15
 81
981
 33
191
 63
239
315
467
741
996
537
935
509
367
 32
134
 46
673
653
118
113
979
 85
843
626
782
768
995
568
433
 10
649
766
 43
840
830
634
508
649
727
856
538
662
717
905
694
204
303
719
857
421
833
188
859
 28
166
641
148
161
561
581
523
563
699
566
403
881
552
263
530
280
471
 68
294
189
325
341
393
981
 60
250
754
245
438
613
273
605
607
773
766
168
354
290
731
 54
208
487
935
113
102
818
393
574
238
 39
763
916
380
156
897
441
758
651
 38
548
265
312
505
224
 85
624
392
792
914
476
198
474
963
485
939
417
303
684
991
894
724
106
810
104
614
 59
897
724
 62
936
273
679
248
778
903
685
402
296
829
668
124
 27
495
439
865
434
856
520
119
200
414
843
658
576
299
273
635
197
349
698
133
622
377
733
753
633
770
155
281
600
176
405
979
671
844
844
105
 52
365
576
604
131
419
263
708
719
888
695
916
237
745
401
212
475
134
965
108
904
120
389
504
296
794
836
319
990
680
425
 42
397
  1
647
529
773
262
589
844
150
284
112
739
 30
513
951
857
647
916
965
903
389
354
760
 37
500
596
357
490
628
782
884
 26
135
883
555
260
145
144
104
647
428
216
387
810
729
690
667
728
607
984
984
348
690
744
385
190
692
742
 32
320
876
917
346
364
800
901
624
298
397
729
945
826
297
684
988
379
375
  8
107
334
344
443
682
 35
539
419
225
231
514
258
552
390
175
250
754
327
152
731
625
549
812
923
727
109
607
 68
840
334
428
300
 20
772
743
 54
807
283
474
 33
514
988
643
418
730
170
669
485
497
173
568
475
 74
380
398
154
841
357
222
682
 44
  2
982
 64
774
 77
119
582
360
593
967
227
933
962
645
663
132
314
500
981
839
 68
456
914
800
206
 68
642
916
642
676
960
644
 10
 24
770
 87
143
704
448
 88
 23
675
 21
985
320
685
117
987
185
 99
178
606
555
 92
406
114
512
400
 30
154
 76
990
150
 86
366
921
174
510
977
622
950
  1
649
972
986
321
  9
104
660
546
555
839
152
462
283
559
576
796
959
958
302
388
948
805
474
667
726
  0
529
 55
974
479
 56
623
803
 43
297
812
499
957
359
 54
796
863
516
 80
422
445
228
734
403
530
122
704
335
948
371
413
949
900
469
923
379
877
899
535
920
196
347
771
505
 58
825
654
922
694
734
696
139
314
430
542
196
904
246
884
853
969
297
154
869
118
429
601
348
680
136
620
228
835
392
734
894
569
388
168
263
474
864
402
788
647
297
984
551
895
868
756
865
518
262
 86
988
692
 39
688
372
175
309
601
363
701
335
609
270
 75
777
886
549
641
640
689
640
937
 25
192
185
246
300
402
764
563
488
104
255
528
145
979
 55
454
932
418
507
619
 27
129
694
156
 15
243
150
656
284
790
945
310
982
482
556
635
884
672
198
725
776
805
605
273
136
660
727
 69
431
234
688
810
364
735
967
731
330
117
739
615
907
685
925
242
519
481
877
404
153
427
481
281
232
 86
555
720
746
634
789
529
869
830
340
585
565
307
316
895
424
 56
862
683
 93
787
925
612
620
154
368
773
581
849
407
165
935
314
886
 34
948
 27
563
817
857
255
754
422
562
 71
670
338
479
532
 22
572
672
299
536
292
806
257
418
387
106
177
905
394
491
791
780
439
818
695
609
 28
951
715
802
865
786
472
204
617
357
578
189
 29
229
 78
673
 35
335
443
423
793
620
680
539
111
823
319
903
641
367
864
 21
318
579
824
183
366
648
739
335
  5
669
525
386
899
955
 60
934
642
503
709
435
476
389
327
587
212
998
842
206
365
706
579
 35
286
403
571
  4
 52
310
339
 57
332
216
796
231
171
208
517
813
 63
227
601
539
968
928
127
533
278
969
 91
644
676
670
 31
314
 74
602
318
478
265
657
887
597
226
683
828
397
243
697
563
307
924
516
846
245
796
973
130
 74
295
221
 70
323
243
102
989
669
 56
307
147
321
316
387
918
542
 70
 98
292
666
796
207
973
 72
723
819
669
871
145
799
945
792
372
368
115
616
822
104
285
878
763
785
200
431
172
470
974
594
569
618
260
717
825
233
789
900
405
459
771
550
610
 68
342
983
788
809
951
610
265
236
489
380
373
689
811
897
159
137
492
 80
755
104
797
932
690
939
184
 95
750
307
997
360
376
691
695
516
500
646
127
117
235
616
497
608
657
308
506
168
798
350
249
553
806
398
838
848
337
 22
943
439
330
292
152
 58
983
847
574
835
494
 53
952
 81
669
801
689
678
110
547
847
260
249
448
813
408
846
  3
256
536
 26
200
327
708
844
479
766
828
327
692
663
173
746
968
254
767
769
295
446
231
843
645
491
444
 93
657
852
291
660
109
179
686
661
507
394
505
986
512
333
313
557
349
838
303
317
 92
422
438
388
868
670
583
865
513
379
958
170
232
602
831
693
781
869
354
288
616
211
275
128
897
940
 37
246
779
340
915
871
115
705
611
983
375
546
849
241
926
159
411
510
761
594
203
895
464
557
183
 80
120
810
560
 17
751
598
263
882
290
530
105
405
236
717
741
963
263
942
204
541
101
968
 51
215
562
254
110
 26
163
645
458
284
456
 19
301
559
969
917
441
259
799
898
 17
387
615
758
351
231
700
907
124
153
227
176
720
790
782
182
168
946
828
627
582
636
998
235
195
319
504
988
578
304
238
947
691
206
705
394
789
757
654
913
263
881
 89
983
671
872
518
192
170
346
171
104
334
169
339
881
488
844
221
418
500
459
366
543
665
423
938
454
533
592
368
796
825
809
131
849
 33
649
 41
203
347
212
307
 33
733
999
914
573
195
135
343
695
595
 61
238
260
485
528
715
370
472
435
166
298
244
649
147
278
651
540
833
350
752
141
384
837
492
298
410
687
434
105
734
381
167
972
641
  4
853
708
374
325
143
892
623
388
541
122
666
544
662
499
895
766
992
279
603
836
929
365
875
363
471
609
744
638
934
738
994
787
446
368
112
942
612
 88
330
505
562
348
 50
225
199
297
991
544
576
947
380
857
312
608
221
783
217
317
773
151
407
767
938
206
487
403
148
 99
843
830
605
405
530
  7
630
729
304
974
625
232
921
358
 89
233
966
662
369
183
332
142
687
739
262
625
945
749
380
445
201
223
275
158
981
805
165
963
887
469
937
864
 53
210
222
142
796
188
805
165
724
137
659
411
876
921
388
174
 23
769
971
576
344
599
734
325
756
899
289
995
720
226
860
773
789
 82
267
585
623
 72
750
347
209
761
758
438
 35
146
964
 58
267
935
634
612
886
720
937
643
971
226
638
 43
805
498
168
594
933
435
531
556
508
633
255
 69
394
365
507
429
863
823
839
131
759
825
 95
997
545
 32
640
516
611
631
559
768
481
727
714
414
515
245
322
 23
878
577
 92
624
294
600
 54
158
423
245
289
534
 71
384
884
968
768
876
485
731
507
396
499
341
476
213
107
991
458
430
366
336
359
458
961
654
410
367
812
186
612
453
 72
 35
189
956
  4
957
833
841
689
692
589
188
 33
 65
754
141
408
212
923
774
901
282
585
214
288
995
933
100
181
897
905
606
933
 94
562
289
404
747
130
 93
440
 71
633
825
137
387
966
897
952
889
 24
853
524
609
419
812
604
352
265
138
249
170
 96
534
617
 10
175
 21
758
305
114
550
729
 99
375
866
487
342
115
791
583
139
644
107
748
415
920
705
767
537
195
368
707
291
255
676
301
430
697
411
 88
163
961
817
263
689
 35
102
 31
150
893
614
642
889
 74
742
304
346
799
423
883
346
791
590
637
 46
267
291
829
316
 54
917
480
368
734
743
 57
769
197
 88
271
442
 54
265
331
480
  8
635
826
159
 58
709
506
201
652
495
600
271
138
429
587
193
346
 67
561
432
162
618
553
711
 58
824
153
464
442
484
945
450
471
123
609
881
833
467
 83
485
963
683
756
101
112
343
294
810
763
207
242
277
177
795
989
587
971
142
 52
413
979
349
215
450
472
177
332
657
644
767
142
607
450
250
709
914
946
355
724
709
563
966
986
740
113
327
328
 84
470
732
498
449
433
713
899
257
890
583
915
535
350
409
494
152
660
203
 66
606
911
142
667
474
460
  5
566
573
333
246
658
803
330
508
604
115
573
855
373
816
439
640
703
141
 49
197
294
 61
753
360
 19
664
503
 38
490
963
 44
408
889
377
  7
899
532
689
407
488
805
332
343
178
148
782
170
851
276
219
 49
570
633
802
930
  4
818
785
 43
660
101
 87
 68
342
816
427
241
700
117
  0
188
922
332
883
452
481
666
622
332
942
193
733
864
178
887
146
183
705
284
226
717
737
665
786
 79
833
565
320
885
682
672
 73
604
  4
308
408
485
326
 30
170
268
576
903
484
754
791
631
937
848
915
515
566
652
532
704
731
365
269
403
250
952
 75
675
908
 79
336
669
917
662
 51
439
283
627
342
767
734
485
398
 23
334
665
539
252
317
 71
956
400
789
577
155
391
529
230
419
790
662
755
811
931
417
862
370
700
490
 64
468
576
550
218
599
236
884
138
488
553
562
444
954
703
373
461
 94
255
692
865
 45
706
620
208
637
390
 70
359
442
912
423
910
488
973
481
 88
561
717
578
 49
270
140
845
576
843
219
 38
290
474
 82
155
871
788
128
 79
777
518
149
136
960
414
559
223
902
885
704
342
446
773
921
848
 43
 61
 45
972
257
264
 10
547
 90
 92
702
961
232
830
392
  9
700
894
497
661
308
408
236
562
645
292
905
444
 65
826
292
108
239
337
432
496
954
442
 43
 44
886
 98
358
470
280
102
831
333
996
328
994
304
 89
582
219
734
874
124
178
939
950
822
399
189
512
832
686
466
274
 81
862
513
531
572
983
164
675
167
497
671
495
843
328
584
425
547
671
299
671
849
590
973
672
989
162
184
821
200
  2
448
634
864
313
517
789
648
681
464
815
530
487
663
725
815
247
150
362
270
801
385
120
743
358
144
733
873
328
906
 73
682
354
 59
898
667
577
687
668
610
151
483
141
639
146
866
806
746
369
521
 16
522
906
488
266
617
632
351
490
312
257
915
994
964
327
893
983
904
932
651
866
436
135
  7
427
633
226
233
379
947
754
748
469
 13
236
 87
982
869
438
824
533
 48
 91
528
 12
418
773
347
674
705
999
541
141
486
900
568
119
126
154
851
 73
260
951
895
625
187
982
607
408
773
783
942
173
875
822
185
645
595
884
320
652
883
861
146
369
113
 66
841
240
220
 44
665
481
995
912
106
534
247
 66
943
 20
849
237
193
724
411
730
370
358
614
 42
 10
850
255
156
571
368
223
412
608
795
456
626
276
803
538
735
338
785
801
633
157
650
870
702
727
281
784
449
639
399
491
  1
601
 98
510
172
466
733
937
427
528
745
 53
157
549
943
892
887
 81
 45
520
238
 47
742
941
126
375
725
575
 14
476
418
367
 77
516
877
602
335
610
539
762
491
284
167
  0
833
110
244
 72
191
641
944
430
688
686
723
815
 61
800
742
427
277
513
795
706
 29
672
308
364
635
199
478
478
484
645
830
669
108
 74
 94
299
715
 38
 81
755
725
156
922
138
957
665
566
586
178
713
292
559
385
953
276
372
152
754
202
988
400
 32
 10
508
106
104
159
173
142
241
281
219
749
203
358
706
220
276
292
398
989
937
310
726
242
586
451
394
340
653
735
 92
686
745
952
144
849
112
670
343
705
951
915
454
506
625
513
727
253
157
477
242
 94
787
320
336
373
771
 83
 66
425
818
510
463
915
463
607
116
575
629
459
632
580
726
 86
 87
351
599
814
604
757
291
198
203
431
871
892
156
642
975
222
419
145
733
882
 60
196
842
176
123
471
635
755
404
714
193
843
417
145
657
374
254
300
572
457
 83
795
349
240
438
676
462
209
821
547
444
881
 95
286
 57
218
109
 45
325
865
759
519
708
528
664
717
902
270
 18
475
727
101
270
429
341
 60
457
156
622
279
703
 66
512
799
704
570
369
813
967
695
679
 78
566
739
606
230
457
509
852
475
336
931
928
958
360
622
371
170
130
993
449
185
 59
313
336
763
883
706
928
202
753
959
280
319
699
239
901
156
748
753
983
436
684
263
394
397
237
765
567
719
110
368
905
169
681
241
284
917
299
565
119
 52
876
752
723
927
343
624
435
443
377
770
879
 62
 34
625
811
623
743
378
695
853
746
600
375
779
193
 11
 48
845
576
520
249
453
272
973
380
967
597
816
410
327
586
289
741
972
266
552
948
  9
930
643
215
 28
595
590
159
788
601
208
985
530
728
235
983
352
208
715
319
157
883
729
484
822
370
225
146
636
777
 94
998
 59
 89
565
 87
684
155
247
825
108
807
810
638
535
 45
973
887
605
 41
558
763
276
287
247
 98
  9
473
245
997
602
691
995
662
781
560
749
465
 67
348
642
528
155
453
518
 42
850
844
281
456
237
839
219
513
478
818
612
487
291
209
485
894
252
832
908
 33
745
657
851
164
358
845
692
865
298
211
908
149
407
189
957
644
 29
528
157
859
346
121
347
638
682
184
884
935
368
144
320
113
801
523
630
511
369
322
377
 19
885
637
520
644
178
477
288
559
  5
446
419
352
919
118
342
602
302
578
889
 22
722
209
488
875
 85
118
739
454
792
116
825
 30
105
346
674
283
823
963
843
181
761
262
885
680
380
227
634
 34
157
523
 56
231
 85
544
106
170
 14
845
976
807
313
801
837
770
147
511
 54
323
826
249
856
587
511
741
268
243
320
902
277
829
778
685
 60
863
582
518
385
596
716
713
755
381
514
592
152
 14
456
558
689
282
807
897
870
318
638
490
913
310
744
190
139
522
227
199
737
809
 69
474
758
785
187
513
167
 54
458
319
420
914
877
109
548
684
  6
418
354
996
260
267
658
  5
809
797
879
388
348
617
198
417
443
308
203
631
821
722
685
631
393
105
545
622
566
 94
658
924
864
364
920
125
631
578
482
792
727
361
180
 75
330
730
844
774
 38
399
757
212
121
442
843
514
899
741
488
465
187
146
389
403
510
661
880
493
591
362
285
670
 76
818
 97
758
548
941
532
939
341
289
503
462
 83
698
329
982
791
169
799
330
316
540
734
178
553
614
672
144
329
309
166
405
479
263
515
 28
205
 48
319
898
689
174
712
125
872
 41
107
 16
211
259
346
879
799
 80
409
353
 47
 81
849
376
743
 16
133
222
631
648
602
836
 48
273
734
 90
447
447
215
672
840
674
688
403
933
386
634
 85
819
 44
438
866
477
639
594
220
655
 79
795
287
 79
397
475
128
 23
562
570
470
361
785
494
553
811
182
957
745
921
943
830
740
987
620
606
465
259
552
 37
267
631
184
554
710
934
381
190
957
295
112
427
656
897
274
210
709
456
519
806
729
462
988
469
802
608
427
619
219
979
  8
486
962
193
392
 25
127
774
215
 84
 69
328
863
 78
577
137
288
638
946
159
796
675
621
784
145
775
744
924
394
964
904
403
450
866
596
843
891
 75
969
459
511
 38
139
374
116
 68
864
756
 59
162
915
855
837
889
992
334
664
736
259
 59
 52
515
814
503
381
762
698
625
837
667
436
348
 57
575
 74
526
643
938
282
702
100
550
910
290
439
902
976
455
990
235
514
 43
102
680
898
484
442
596
461
279
615
897
979
672
472
 54
550
467
992
185
522
445
735
784
735
526
686
 63
981
676
651
848
 71
753
528
969
589
971
917
 50
602
532
947
582
557
771
636
107
591
980
292
465
777
379
249
864
905
935
928
887
963
579
 87
387
332
615
356
922
938
274
972
893
158
272
475
715
 43
463
823
634
795
115
 99
573
847
700
437
752
987
365
991
951
296
 78
690
629
 46
 46
551
336
672
875
229
831
499
 56
546
543
519
721
529
315
189
981
240
 36
681
677
788
 21
395
132
972
691
562
 14
320
608
 60
223
297
 85
451
526
916
950
583
814
845
454
536
727
769
 77
708
  9
113
741
 39
253
762
434
385
 86
125
948
100
798
908
513
373
205
950
824
732
218
127
667
 32
972
121
920
699
243
997
759
604
462
853
643
716
967
 77
101
406
555
401
858
705
310
723
 78
867
673
255
951
891
382
618
276
706
 92
548
758
335
546
869
939
  8
 74
935
 76
 42
364
178
800
919
931
658
976
241
734
 55
109
407
662
 60
651
396
 31
927
102
123
475
212
810
373
 82
749
734
156
684
810
550
 49
988
350
320
272
361
297
513
 95
704
974
502
366
387
153
762
418
432
216
893
260
429
703
633
863
452
367
 19
489
530
570
890
870
272
562
142
633
211
656
728
915
982
583
633
369
 88
747
139
521
964
 32
133
745
735
766
608
540
486
627
 29
 16
549
271
886
822
833
 29
807
 45
 37
536
312
 19
119
946
741
207
 45
880
 80
  9
913
213
106
  0
332
714
540
818
694
921
186
595
192
 72
417
378
453
225
775
490
113
 87
862
232
385
603
791
431
483
224
792
748
789
899
749
121
965
289
291
659
563
477
255
755
902
 24
485
355
601
260
198
714
700
 60
298
437
663
442
220
498
666
 13
247
455
264
348
929
581
989
220
241
552
 50
848
660
952
872
145
659
826
406
857
540
458
269
191
895
932
633
468
783
651
833
382
106
 97
730
387
678
719
960
271
624
 10
119
284
314
344
429
973
170
187
183
 62
997
452
253
893
737
238
713
520
889
546
902
348
643
984
735
673
 55
695
297
679
705
768
315
371
112
745
345
634
284
528
 49
282
332
302
175
 69
541
240
589
782
786
843
130
781
179
866
806
587
913
103
266
971
872
582
342
336
679
687
323
963
567
372
245
900
 26
772
321
567
 12
263
702
798
106
832
931
638
698
738
225
964
841
843
935
713
777
277
402
456
317
725
772
236
 97
369
488
123
142
810
 43
506
 73
745
657
531
929
588
169
980
326
394
944
168
238
879
233
 15
508
987
824
825
712
596
414
161
965
902
637
459
712
 32
966
785
129
975
669
 58
563
838
390
890
233
334
410
823
565
995
190
 74
983
 14
251
 47
610
665
561
928
568
550
387
632
582
705
770
 63
680
439
473
244
277
864
486
862
198
248
 37
116
243
228
190
578
242
793
978
205
811
539
133
379
441
872
363
 23
578
133
438
258
572
911
854
202
127
340
416
678
588
454
794
184
 34
336
114
276
129
 92
833
292
983
318
671
424
191
387
799
121
520
237
731
445
501
938
999
628
278
415
658
219
221
452
755
255
140
869
884
622
314
 69
914
297
388
938
722
931
325
521
404
197
111
135
642
964
 73
993
944
704
409
603
275
982
 55
382
590
196
251
474
818
917
895
 84
215
283
 22
289
566
347
810
970
545
273
458
539
237
883
533
182
939
294
785
566
628
192
948
218
740
552
 44
910
469
940
995
 36
575
 17
325
142
717
136
464
262
761
274
153
351
158
 38
533
449
332
670
368
313
214
316
531
955
220
576
217
 42
868
212
 78
443
582
404
585
299
892
402
913
653
676
418
  4
186
457
889
988
141
911
356
454
478
 24
338
785
245
266
  2
287
134
567
365
929
149
121
867
800
 13
269
 65
 19
297
483
375
484
940
617
472
434
880
180
240
358
204
578
143
449
844
498
 88
330
 65
806
260
566
927
127
718
293
748
783
312
 45
618
687
881
911
304
353
345
537
885
585
895
 90
516
391
891
712
889
980
 43
306
138
655
224
 65
134
942
358
234
 77
 22
279
695
 62
161
606
366
866
303
255
752
241
151
194
757
542
 85
469
783
 65
864
441
555
871
665
621
357
959
331
591
 36
706
871
 83
768
384
 42
486
602
345
742
706
586
893
900
695
787
986
517
922
403
733
363
959
957
380
932
314
339
615
906
727
321
129
162
 89
865
204
576
819
902
318
526
840
563
426
888
702
764
405
624
520
490
987
479
447
719
763
762
 58
378
 20
137
 52
501
651
141
718
856
 69
537
110
739
 63
950
302
842
190
  4
606
595
628
126
 86
967
957
533
 38
 72
647
448
803
 19
585
855
872
237
348
590
445
418
128
907
157
543
209
812
385
400
816
344
347
797
822
433
116
132
319
155
204
318
603
  7
690
541
214
562
130
563
153
927
333
633
834
842
176
 43
654
914
795
823
258
143
620
 80
928
 88
212
599
243
769
918
199
128
608
740
343
522
870
258
675
797
591
660
983
785
837
378
440
103
174
263
361
317
235
793
597
675
358
197
919
479
467
470
607
427
210
302
949
432
560
625
581
503
285
916
289
474
294
 81
577
468
344
290
137
931
436
 87
606
146
284
877
625
751
347
232
178
909
535
127
693
447
104
274
951
742
190
240
216
837
673
146
657
 17
788
795
300
224
234
258
370
518
136
347
621
835
932
151
745
819
278
438
266
735
 65
569
829
607
161
397
444
834
543
102
203
684
249
503
908
483
762
631
353
250
330
974
 85
262
125
182
433
755
973
700
842
390
621
671
997
783
 69
794
969
964
248
173
648
497
 28
557
332
142
540
685
392
870
659
830
485
136
364
918
891
337
970
734
 79
592
405
429
727
826
223
696
791
471
869
439
320
250
996
652
392
888
689
785
759
700
967
596
836
331
514
 79
 21
485
813
100
429
571
529
156
397
104
204
188
575
426
628
247
676
976
251
 68
865
940
205
976
640
172
572
828
504
438
908
877
275
 73
977
704
644
859
212
394
963
417
934
891
195
914
490
871
891
742
291
108
682
497
436
675
669
360
503
525
798
411
402
 74
485
732
130
481
943
343
875
258
112
810
501
307
 76
992
530
319
734
821
779
768
318
215
443
340
927
947
865
 78
710
620
152
195
704
634
677
647
977
904
257
441
 66
759
100
143
751
630
462
837
452
242
605
770
809
401
462
737
700
328
815
410
300
319
958
356
953
987
  3
283
243
612
724
310
371
825
805
474
807
267
311
259
861
269
382
671
670
844
760
722
524
927
484
824
246
794
532
551
781
887
834
377
500
911
687
871
 88
844
346
895
463
657
507
325
278
889
348
948
 85
108
 22
610
 35
507
786
633
301
319
184
435
206
371
812
706
634
851
578
722
695
276
969
158
285
476
483
564
717
183
864
803
291
887
413
678
394
551
311
 47
870
496
482
 77
219
294
135
853
497
 65
927
192
341
248
703
979
 77
538
543
794
722
759
949
 13
646
714
 44
392
266
355
440
488
203
922
917
422
569
 53
627
 66
470
554
611
812
155
314
143
232
852
 38
378
574
797
328
940
796
 42
984
188
660
691
980
149
895
903
 66
669
824
471
297
890
942
203
501
106
358
815
249
942
 20
287
321
946
436
649
886
232
 43
222
421
704
914
401
853
161
656
271
830
480
743
479
723
685
 35
224
791
393
392
392
336
764
679
657
710
115
658
949
700
701
171
473
757
437
226
962
950
235
234
133
715
977
612
790
 14
647
367
157
393
759
549
 81
875
228
 90
585
695
748
534
747
801
 58
220
559
847
447
521
798
682
107
931
749
436
543
540
450
543
259
607
288
370
156
369
245
736
811
830
784
559
365
531
712
775
104
623
622
551
497
420
585
604
351
686
 41
247
578
491
142
837
451
430
207
959
151
452
696
962
635
832
873
352
363
585
127
819
561
749
722
 58
522
307
662
225
994
 55
824
572
899
966
762
350
748
969
309
899
774
357
861
409
189
734
761
905
672
240
724
233
989
447
291
511
106
305
 89
452
361
913
 25
260
880
139
962
628
108
271
528
234
629
741
643
170
476
756
 75
500
996
152
 85
338
599
376
201
705
 33
290
158
746
204
535
358
436
674
320
 64
134
944
944
721
925
 38
716
 95
514
473
523
366
821
675
451
159
274
179
713
331
564
  3
841
311
559
376
 21
995
402
342
412
889
638
708
610
563
746
326
658
612
151
181
978
325
856
781
484
482
960
549
814
525
553
655
188
464
384
209
460
138
551
224
379
541
932
341
104
 31
 20
115
643
171
648
974
496
505
755
333
339
716
882
505
593
787
513
781
252
897
342
 64
387
246
640
767
787
924
108
892
955
480
  7
599
652
655
925
500
512
680
185
204
748
420
709
693
207
222
826
811
471
169
227
211
415
867
330
202
792
438
 94
 99
271
453
 50
923
461
975
775
973
  8
313
177
756
733
239
802
292
813
628
456
285
797
683
496
564
903
826
767
695
616
213
794
887
667
845
162
128
172
290
453
180
603
983
289
688
222
 91
332
387
 71
788
672
221
472
520
785
727
698
552
422
667
118
568
906
785
765
421
265
290
 63
 70
470
 18
 53
111
706
627
554
 38
367
626
179
 39
847
  3
912
984
730
962
889
504
981
  7
424
888
144
542
661
761
832
724
831
654
742
237
766
800
216
320
190
583
946
369
975
145
724
239
130
454
201
 19
958
183
378
735
423
522
277
 84
283
109
160
466
763
902
703
529
 54
272
202
244
855
500
966
182
646
690
421
128
145
623
499
455
158
877
190
581
751
819
 17
 34
928
177
852
 44
 79
908
925
485
180
127
729
387
628
695
570
626
738
343
754
235
318
253
690
476
482
233
 57
233
 52
 74
619
333
251
471
729
682
731
  6
167
911
486
249
651
466
296
573
 92
 34
916
198
269
235
803
312
 63
285
897
121
870
301
547
489
634
151
312
715
185
 44
722
705
307
208
954
958
674
250
883
118
637
800
316
906
387
471
570
450
756
467
923
978
769
823
467
755
326
131
471
511
175
545
216
483
105
522
793
131
773
677
249
762
829
917
 20
568
388
591
370
496
 58
294
474
827
469
293
583
795
424
406
658
952
951
875
435
408
749
580
539
522
257
140
636
438
 57
657
  6
797
248
377
293
306
 23
119
486
844
412
 69
639
188
827
297
140
130
524
927
538
274
508
 77
148
117
217
785
908
626
794
914
423
 42
643
 68
700
666
539
186
510
951
607
501
491
786
151
984
916
 27
911
454
653
771
883
802
241
452
939
149
 78
 85
 63
853
127
707
273
179
725
812
718
588
115
677
441
607
464
592
591
380
972
854
187
625
978
 70
779
219
875
 70
368
305
155
783
159
634
842
784
814
920
597
884
508
 64
561
301
671
 25
894
614
758
218
821
945
843
799
367
623
 18
242
693
738
548
849
521
 59
483
716
843
649
636
792
533
144
857
 95
797
880
472
 43
847
582
261
668
527
105
819
247
 80
189
489
773
927
389
974
800
448
810
516
644
811
152
436
345
648
293
792
446
526
616
489
373
199
103
 41
 78
208
212
325
640
401
167
765
680
556
740
480
357
902
349
353
713
853
789
 58
854
435
202
300
961
819
141
686
 18
596
727
 96
156
291
422
796
692
941
562
372
849
302
204
558
556
905
911
269
759
701
680
613
488
882
265
801
701
758
487
719
355
566
168
511
857
942
308
901
883
870
625
732
524
829
643
 80
 87
554
701
846
607
381
459
 95
264
 76
896
317
834
383
389
189
949
557
 53
158
499
361
 59
734
583
684
818
459
866
461
539
953
 16
592
799
623
974
610
719
238
 38
967
907
872
703
296
414
  4
853
819
163
704
180
222
438
115
259
609
574
125
 70
465
 78
438
 57
229
 62
383
191
133
973
229
452
881
453
155
177
219
160
383
 38
675
 87
570
897
878
685
156
839
611
633
909
428
 63
348
838
292
762
221
835
247
195
 64
699
428
870
207
605
 89
719
340
128
394
428
698
291
658
736
800
497
699
785
758
128
849
458
966
141
220
539
329
819
 86
393
871
514
615
 78
120
705
797
460
185
191
240
883
834
250
971
986
747
671
772
858
151
621
316
469
114
889
  8
443
 60
 95
189
931
609
804
  9
 81
509
158
894
694
701
134
930
536
737
253
874
836
276
646
694
427
619
363
896
 86
252
257
529
312
704
718
596
313
875
957
747
736
116
641
431
817
127
713
705
864
966
580
701
243
578
747
 22
198
110
271
284
714
880
165
379
584
236
975
249
111
932
996
847
400
989
630
218
117
343
923
333
662
855
386
257
434
134
279
984
596
902
268
311
782
433
 42
366
 21
 17
968
132
301
316
980
702
306
962
920
775
306
195
108
320
403
847
577
837
981
208
821
929
463
441
240
245
226
282
964
248
651
932
732
953
600
 64
  7
906
 27
279
681
333
826
142
  5
229
989
582
 66
322
142
239
251
605
 32
844
203
259
478
519
859
130
803
591
435
403
656
794
310
683
 73
343
368
899
837
373
129
826
307
547
500
449
139
104
407
171
300
610
430
778
481
641
260
284
233
 47
687
241
841
997
924
914
693
644
814
530
 17
295
709
676
194
561
125
333
665
884
505
965
846
287
 96
327
929
356
611
514
756
299
755
597
648
 31
512
693
 27
678
224
 44
325
285
720
519
846
197
853
864
434
710
181
280
997
277
608
278
986
571
792
742
222
899
339
871
282
203
916
309
233
140
705
558
777
777
 78
624
975
283
840
761
993
 21
 41
990
651
  1
621
637
573
765
731
795
665
422
 18
299
626
935
609
211
427
666
770
205
444
200
181
771
483
 21
532
476
 42
925
818
 45
927
439
682
500
205
765
647
222
188
666
